User Id       ProductId      ProductId      ProductId     ProductId       ProductId       ProductId        ProductId       ProductId       ProductId       ProductId
1.000000      638.000000     381.000000     225.000000    507.000000      482.000000      153.000000       117.000000      100.000000      76865.000000    65748.000000      
2.000000      381.000000     7.000000       385.000000    225.000000      152.000000      236800.000000    236481.000000   64101.000000    52616.000000    45108.000000      
3.000000      8242.000000    387.000000     262726.000000 262725.000000   148169.000000   147790.000000    147778.000000   147759.000000   111462.000000   79373.000000      
4.000000      25560.000000   25557.000000   8028.000000   4360.000000     4349.000000     2393.000000      385.000000      153.000000      143368.000000   68897.000000      
5.000000      510.000000     4472.000000    1347.000000   488.000000      475.000000      122.000000       18.000000       180682.000000   122288.000000   109476.000000      
6.000000      487.000000     385.000000     633.000000    502.000000      488.000000      18.000000        88701.000000    88481.000000    53302.000000    53301.000000      
7.000000      536.000000     495.000000     51.000000     254178.000000   168431.000000   123672.000000    118547.000000   104505.000000   85318.000000    64267.000000      
8.000000      381.000000     225.000000     1426.000000   610.000000      507.000000      223286.000000    223169.000000   164599.000000   69395.000000    59322.000000      
9.000000      4887.000000    4378.000000    3681.000000   3090.000000     9.000000        168145.000000    140629.000000   113304.000000   86431.000000    54681.000000      
10.000000     12980.000000   220364.000000  122160.000000 111992.000000   99772.000000    82252.000000     71365.000000    67619.000000    67074.000000    57339.000000      
11.000000     225.000000     195691.000000  195689.000000 195684.000000   189043.000000   175169.000000    175168.000000   175165.000000   175161.000000   175160.000000      
12.000000     5580.000000    392.000000     14384.000000  10779.000000    5581.000000     185447.000000    185446.000000   140552.000000   134061.000000   79482.000000      
13.000000     51.000000      1586.000000    933.000000    809.000000      633.000000      477.000000       451.000000      331.000000      176742.000000   176445.000000      
14.000000     78064.000000   11141.000000   578.000000    277707.000000   250990.000000   250988.000000    250987.000000   250986.000000   227825.000000   206850.000000      
15.000000     477.000000     2524.000000    1.000000      100968.000000   53970.000000    50520.000000     50342.000000    50253.000000    43278.000000    33060.000000      


considering only items rated with 5

User Id       ProductId      ProductId      ProductId     ProductId       ProductId       ProductId        ProductId       ProductId       ProductId       ProductId
1.000000      638.000000     381.000000     225.000000    507.000000      482.000000      153.000000       117.000000      100.000000      76865.000000    65748.000000      
2.000000      381.000000     7.000000       385.000000    225.000000      152.000000      236800.000000    236481.000000   64101.000000    52616.000000    45108.000000      
3.000000      8242.000000    387.000000     262726.000000 262725.000000   148169.000000   147790.000000    147778.000000   147759.000000   111462.000000   79373.000000      
4.000000      25560.000000   8028.000000    4349.000000   2393.000000     385.000000      153.000000       143368.000000   68897.000000    56315.000000    56310.000000      
5.000000      510.000000     4472.000000    1347.000000   488.000000      475.000000      122.000000       18.000000       180682.000000   122288.000000   109476.000000      
6.000000      487.000000     385.000000     633.000000    502.000000      488.000000      18.000000        2.000000        88701.000000    88481.000000    53302.000000      
7.000000      536.000000     495.000000     51.000000     254178.000000   168431.000000   123672.000000    118547.000000   104505.000000   85318.000000    64267.000000      
8.000000      381.000000     225.000000     1426.000000   610.000000      507.000000      223286.000000    223169.000000   69395.000000    59322.000000    58363.000000      
9.000000      4887.000000    4378.000000    3681.000000   3090.000000     9.000000        168145.000000    140629.000000   113304.000000   86431.000000    54681.000000      
10.000000     12980.000000   220364.000000  122160.000000 111992.000000   99772.000000    82252.000000     71365.000000    67619.000000    67074.000000    57339.000000      
11.000000      2.000000      1.000000       4.000000      3.000000        195691.000000   195689.000000    195684.000000   189043.000000   175169.000000   175168.000000      
12.000000      1.000000      5580.000000    392.000000    4.000000        3.000000        2.000000         14384.000000    185447.000000   185446.000000   140552.000000      
13.000000      51.000000     1586.000000    933.000000    809.000000      633.000000      477.000000       451.000000      331.000000      176742.000000   176445.000000      
14.000000      3.000000      2.000000       1.000000      78064.000000    11141.000000    4.000000         277707.000000   250988.000000   227825.000000   206850.000000      
15.000000      477.000000    1.000000       2524.000000   100968.000000   53970.000000    50520.000000     50342.000000    50253.000000    43278.000000    33060.000000      


user 1 ten neighbours = [3374,20225,3446,1174,8142,18637,19471,10973,2742,21095]
user 2 ten neighbours = [18278,4048,829,15827,20225,9282,15833,4354,12367,16185]
user 15 ten neighbours = [13613,2072,8815,4903,10106,13869,6188,17547,17609,17625]