User Id       ProductId      ProductId      ProductId     ProductId       ProductId       ProductId        ProductId       ProductId       ProductId       ProductId
1.000000      638.000000     381.000000     225.000000    507.000000      482.000000      153.000000       117.000000      100.000000      76865.000000    65748.000000      
2.000000      381.000000     7.000000       385.000000    225.000000      152.000000      236800.000000    236481.000000   64101.000000    52616.000000    45108.000000      
3.000000      8242.000000    387.000000     262726.000000 262725.000000   148169.000000   147790.000000    147778.000000   147759.000000   111462.000000   79373.000000      
4.000000      25560.000000   8028.000000    4349.000000   2393.000000     385.000000      153.000000       143368.000000   68897.000000    56315.000000    56310.000000      
5.000000      510.000000     7106.000000    4472.000000   488.000000      122.000000      18.000000        1.000000        109476.000000   107413.000000   53301.000000      
6.000000      385.000000     633.000000     507.000000    502.000000      488.000000      487.000000       18.000000       2.000000        88701.000000    88481.000000      
7.000000      3.000000       2.000000       1.000000      4.000000        536.000000      385.000000       7.000000        6.000000        5.000000        139218.000000      
8.000000      381.000000     225.000000     1426.000000   610.000000      223286.000000   223169.000000    94460.000000    78306.000000    69395.000000    69271.000000      
9.000000      4887.000000    4378.000000    3681.000000   3090.000000     9.000000        168145.000000    140629.000000   113304.000000   86431.000000    54681.000000      
10.000000     12980.000000   220364.000000  122160.000000 111992.000000   99772.000000    82252.000000     71365.000000    67619.000000    67074.000000    57339.000000      
